kinematics:
  shoulder:
    x: 0
    y: 0
    z: 0.1810294007198902
    roll: -0
    pitch: 0
    yaw: -1.39864325440775e-07
  upper_arm:
    x: -7.226068945270921e-05
    y: 0
    z: 0
    roll: 1.570369548717424
    pitch: 0
    yaw: 4.580122429799454e-07
  forearm:
    x: -0.6127991805393548
    y: 0
    z: 0
    roll: 3.141102467104034
    pitch: 3.140727851412228
    yaw: -3.141588811927835
  wrist_1:
    x: -0.571433468131031
    y: 0.0003932258583049432
    z: 0.1746151127788065
    roll: 3.139340699636179
    pitch: 3.140760956713864
    yaw: 3.141591637976624
  wrist_2:
    x: -1.639655570905712e-06
    y: -0.1199224520813024
    z: 0.000104732292678515
    roll: 1.56992299353466
    pitch: 0
    yaw: -8.60940773179941e-07
  wrist_3:
    x: -8.544876751392028e-05
    y: 0.1156179510230983
    z: -2.193336093308018e-05
    roll: 1.570606621299548
    pitch: 3.141592653589793
    yaw: 3.141592650029492
  hash: calib_6920154133851798342